0.611
0.808
1.021
0.752
1.149
1.277
0.669
0.96
1.115
1.076
1.076
1.059
0.522
1.171
1.269
0.809
1.377
0.907
1.025
1.217
1.298
1.115
0.933
0.914
0.855
0.933
1.159
0.981
0.855
1.391
0.971
0.848
1.184
0.878
0.927
1.141
0.88
0.922
0.781
1.4
1.294
0.939
1.214
0.76
1.027
0.923
1.04
1.149
1.097
0.966
1.379
1.373
1.129
1.009
1.176
1.117
1.116
1.463
0.694
0.936
1.276
1.079
1.285
1.229
0.883
0.989
0.92
1.175
1.189
1.193
1.606
0.979
1.061
1.109
0.95
0.989
1.168
1.169
0.972
1.196
1.286
1.146
1.147
1.038
1.258
1.336
1.042
0.83
0.957
1.078
1.3
1.257
1.271
1.16
1.27
1.007
0.884
0.725
1.116
0.78
1.179
0.996
1.268
1.291
1.015
0.956
0.877
1.097
0.95
0.977
1.274
1.332
1.039
1.206
1.06
0.896
1.15
1.189
1.253
1.2
0.675
1.116
1.377
1.357
1.001
1.125
1.335
1.36
0.97
1.166
0.859
1.272
1.239
1.408
1.209
0.795
1.062
0.808
1.017
1.024
1.565
1.21
1.045
1.232
1.148
0.996
1.132
0.978
1.087
1.077
1.069
1.348
0.873
1.242
1.54
0.983
1.201
0.903
1.321
1.043
1.133
0.701
1.138
1.428
1.24
0.74
1.009
1.08
0.887
1.185
0.703
1.249
1.038
0.95
0.905
1.113
1.26
1.257
1.238
1.223
0.97
1.465
0.994
1.488
1.368
0.803
1.572
0.423
1.484
1.03
0.883
1.071
0.9
1.576
0.979
1.109
0.917
0.779
0.846
0.95
1.434
0.803
1.189
1.118
1.214
1.157
1.068
1.298
1.272
0.964
0.748
0.829
1.36
1.1
0.882
1.18
1.066
1.274
1.277
0.885
0.953
1.106
0.926
0.791
1.214
1.044
1.046
1.414
0.897
1.026
1.344
1.067
0.989
1.081
1.049
1.056
1.327
1.193
1.264
1.149
